tic
A = [0 1 0 0 0; 1 0 0 0 2;0 0 0 1 0;0 0 3 0 6;0 0 0 0 0]
B = [0 0 0 0 1]'
C = [B A*B A^2*B A^3*B A^4*B]
toc